step--1
102
345
678
step--2
142
305
678
step--3
142
035
678
step--4
142
635
078
step--5
142
635
708
step--6
142
635
780
step--7
142
630
785
step--8
142
603
785
step--9
142
063
785
step--10
142
763
085
step--11
142
763
805
step--12
142
703
865
step--13
102
743
865
step--14
120
743
865
step--15
123
740
865
step--16
123
745
860
step--17
123
745
806
step--18
123
745
086
step--19
123
045
786
step--20
123
405
786
step--21
123
450
786
step--22
123
456
780
